4984.32
4937.62
4872.91
4786.26
4673.63
4482.59
4281.5
4082.89
3896.74
3799.42
3684.04
3549.79
3396.09
3072.15
2827.59
2667.37
2579.34
2554.03
2585.01
2716.38
3027.02
3702.14
4354.55
4643.89
4692.18
4511.54
4402.43
3995.76
3914.96
3768.13
3728.44
3801.75
3944.27
3912.57
4333.49
4497.46
4736.18
4999.46
4778.83
4775.99
4815.5
4936.54
4999.91
4943.27
4695.07
3378.21
2171.48
1534.43
1307.39
3046.37
4378.74
4815.84
4910.43
5015.93
4808.06
4732.02
4744.72
4961.91
4850.3
4865.01
4954.63
4679.5
4798.76
13.7367
72.0991
4881.89
4796.94
4805.88
4753.03
4843.37
4841.03
4900.64
4580.05
4072.86
3534.85
3014.55
2534.55
2112.97
1779.92
1534.26
1368.12
1593.44
1672.35
1593.44
1368.12
632.087
305.029
176.245
132.128
155.472
211.071
326.175
551.805
1850.56
3130.88
3807
3896.74
1873.38
694.301
260.154
132.128
196.716
287.211
405.488
551.805
648.276
802.472
1034.27
1368.12
2301.43
3097.34
3629.19
3884.34
3467.95
3089.5
2850.13
2497.32
1729.62
1406.22
1243.42
1362.09
3479.06
4783
4905.82
4892.99
4629.08
3737.59
2977.86
2602.19
2994.8
3610.61
4219.36
4703.63
4960.95
4791.09
4785.73
4841.3
4761.89
4777.7
5012.13
4861.2
4828.92
4817.48
4868.58
4714
4930.55
4745.53
4853.37
4864.34
4730.15
4717.49
4772.72
4661.01
4733.71
4792.61
4809.29
4794.72
4781.74
4773.59
4766.24
4763.5
5192.63
5008.81
4657.73
4605.87
4965.12
4833
4643.59
4618.13
4706.74
4864.92
4960.96
4949.02
4879.93
5061.66
4535.93
3896.74
4840.3
5054.24
5057.79
5060.92
4454.74
3097.34
1981.35
1368.12
1753.05
2099.54
2383.62
2591.76
2591.76
2591.76
2591.76
2591.76
2844.49
2928.92
2844.49
2591.76
1716.16
1119.91
756.104
551.805
551.805
551.805
551.805
551.805
450.484
420.079
451.649
557.91
1237.17
1910.99
2350.46
2489.76
1572.71
1032.11
668.363
484.611
1630.17
2512.25
2840.03
2598.73
358.378
-49.9773
-54.1563
-37.5983
-167.766
-36.3629
578.706
1011.26
1668.77
2077.13
2212.23
2647.42
2619.41
2780.59
2631.33
2557.24
2110.98
1764.08
1512.06
1344.23
1242.48
1171.76
1224.72
1347.17
1338.98
1619.42
2093.44
2637.69
3584.76
4278.25
4580.66
4707.34
4448.12
4335.88
3898.92
3817.49
4064.53
4335.7
4609.55
4789.55
4863.94
4852.23
4941.29
4970
4903.32
4874.38
4871.35
4775.91
4014.33
3250.59
2755.39
2591.76
3509.69
4177.89
4587.76
4804.95
4804.95
4804.95
4804.95
4804.95
4669.07
4617.32
4669.07
4804.95
5058.18
4932.8
4841.67
4831.94
5060.69
4847.04
4337.34
3896.74
4454.74
4726.11
4822.97
4804.95
4243.29
3589.63
3013.24
2591.76
2591.76
2591.76
2591.76
2579.4
2553.51
2512.87
2489.68
2520.84
2557.26
2502.34
2496.98
2606.25
2653.18
2636.11
2613.94
2600.37
2143.43
1838.19
2061.64
2441.52
4426.25
4939.06
4804.21
4665.64
4698
4874.72
4931.57
4836.27
4629.49
4215.89
3437.09
2602.15
1703.32
1200.22
1069.3
1338.28
3344.87
4510.36
4794.01
4784.15
4791.99
4812.94
4712.23
4551.6
4925.37
4924.67
4804.96
4869.95
4811.47
4738.52
4762.57
4866.97
4800.34
4939
5030.91
5011.65
5196.73
5114.53
4877.68
4965.69
4955.95
4931.91
5000.41
5072.34
5030.68
4933.32
4842.82
4804.95
4922.12
5005.82
5052.38
5060.92
5041.97
4995.16
4920.69
4831.94
4754.19
4890.6
4951.94
4913.45
4789.53
5062.13
4682.64
3896.74
4110.42
4177.89
4110.42
3896.74
3013.24
2260.62
1716.16
1368.12
1927.08
2131.45
1927.08
1368.12
97.1239
62.8877
74.6923
78.1495
119.949
971.776
2564.79
3666.01
2584.56
1814.24
1373.28
1523.41
3002.62
4090.25
4744.28
4680.35
3505.61
2229.29
1566.05
1347.49
2662.76
3638.85
4294.53
4593.74
4599.58
4767.48
4819.84
4737.27
4449
4195.24
4052.23
3885.05
4317.23
4614.37
4803.59
4863.49
4426.85
4080.71
4026.68
4247.06
4670.29
4873.41
4992.66
4940.58
4891.63
4814.03
4796.95
4743.06
4574.07
4658.01
4695.46
4700.85
4851.65
4986.83
5007.91
4996.06
5212.59
5044.19
4873.63
4974.16
4939.59
4909.34
4930.52
4900.86
4877.04
4824.14
4763.42
4738.95
4979.3
4990.71
4761.66
4638.38
5005.87
4994.68
4840.04
4738.95
4804.69
4956.54
5041.16
5060.92
5012.27
4938.8
4875.15
4831.94
4853.07
4860.33
4853.07
4831.94
4768.3
4739.01
4733.42
4738.95
4801.95
4834.67
4801.95
4738.95
5012.27
4774.72
3668.43
2579.51
2284.62
2199.55
2332.92
2521.55
3343.38
4111.93
4522.35
4665.32
4508.34
4394.33
4614.26
4807.31
4982.69
4728.73
4694.43
4718.31
4808.53
4750.49
4945.46
4944.43
4774.57
4727.29
4766.59
4759.37
4753.26
4948.63
5159.02
4998.4
4835.56
4728.63
4686.52
4691.6
4724.02
4795.27
4878.97
4834.27
4645.19
4556.82
4614.07
4628.54
4607.77
4683.93
4770.54
4837.17
4935.95
4931.46
4850.85
4967.73
4850.01
4957.57
4989
4911.21
5046.25
4636.27
4474.88
4640.72
4713.96
4777.21
4866.63
4902.34
4973.52
4986.31
4939.05
4831.94
4882
5010.18
4731.03
4638.38
4959.74
4733.91
4923.71
5060.92
5057.8
5051.72
5057.8
5060.92
4803.47
4736.33
4761.79
4738.95
5048.06
3684.04
2059.87
1368.12
2945.8
4281.5
4935.1
5060.92
4947.74
4843.08
4808.39
4831.94
5045.81
4959.06
4509.82
3893.9
3163.92
2646.33
2484.83
2552.67
3412.22
4141.3
4640.72
4692.75
4545.11
4331.11
4337.74
3900.08
2902.08
2372.28
2278.49
2519.59
4587.52
4906.51
4860.72
4658.75
4929.79
4781.03
4734.91
4788.71
4837.21
4848.26
4887.8
4657.53
4672.77
4693.52
4714.56
4724.08
4587.96
4674.46
4798.42
4633.68
4602.02
4844.08
4976.57
4916.34
4836.2
4644.83
4702.37
4679.3
4773.8
4804.08
4738.2
4924.58
4865.95
4852.94
4694.8
4922.13
4031.31
4736.47
4855.81
4603.82
4935.26
4819.77
4782.92
4807.36
4825.54
4871.06
4878.21
4831.94
4772.29
4967.29
5034.44
5028.45
4970.98
4809.11
4733.58
4831.94
5045.81
4959.06
4509.82
3896.74
3346.88
2928.92
2675.78
2591.76
3181.06
3589.63
3822.11
3896.74
3589.63
3264.29
2928.92
2591.76
2408.41
2131.45
1775.35
1368.12
573.939
262.153
156.692
132.128
406.118
826.61
1242.75
1424.24
975.666
875.583
669.244
523.915
631.311
929.232
1171.44
1418.59
1654.56
1969.93
2296.34
2608
3284.47
3692.62
3989.19
4059.88
3044.18
2250.71
1686.28
1188.46
1564.82
1669.7
1536.27
1241.46
351.956
113.802
123.046
106.82
484.858
1624.95
2981.01
3974.87
4415.39
4625.28
4700.35
4696.46
4646.32
4468.53
4195.06
3792.93
3532.09
3270.5
2921.25
2467.47
1973.68
1602.99
1467.8
1397.26
1967.39
2330.74
2408.26
2542.87
2157.01
1804.87
1535.4
1361.79
1092.33
1007.52
1090.37
1368.12
2886.71
4041.01
4612.46
4804.95
4041.01
3264.29
2760.06
2591.76
3387.91
4041.01
4509.82
4804.95
4922.12
5005.82
5052.38
5060.92
